401.31
159.53
409.90
144.13
407.67
139.97
410.80
200.62
193.80
271.01
170.10
146.42
242.84
375.83
248.82
416.73
389.63
328.99
405.09
382.58
310.39
129.89
198.44
235.34
384.35
190.03
209.86
257.20
187.00
398.47
288.64
299.66
300.15
187.13
239.70
242.10
302.19
135.63
374.52
293.83
131.27
185.78
237.60
330.04
137.70
129.70
401.76
176.15
325.79
267.37
388.89
344.73
156.23
393.27
348.34
311.36
404.66
293.01
131.54
384.42
138.65
250.91
269.11
167.01
392.60
343.09
275.23
379.84
399.74
405.36
270.84
303.97
145.45
411.92
246.17
360.43
156.65
311.93
303.90
228.75
244.20
248.69
251.46
158.73
305.60
397.23
189.96
256.65
165.48
278.65
183.96
283.27
358.07
172.10
286.77
317.43
314.29
198.10
335.06
292.41
684.72
1473.81
764.04
1628.83
1203.17
513.71
1339.73
1455.74
692.28
1323.59
636.69
1428.23
1410.29
1494.83
1454.82
1385.09
733.10
625.04
1201.50
659.07
1602.22
1542.43
833.00
1100.45
684.65
1558.53
643.84
685.01
490.37
740.19
1414.45
931.12
948.24
782.77
1330.34
642.46
1045.43
1344.56
1405.04
803.84
654.88
995.82
1101.03
762.70
949.83
1348.17
1559.56
1517.19
788.73
1402.38
790.53
1499.34
1021.92
1437.02
1258.94
909.16
1153.31
1154.55
674.39
621.46
1275.74
505.96
1065.97
846.21
1427.17
1305.40
606.08
614.35
1602.62
449.63
603.04
828.11
760.13
1115.19
1236.39
1312.71
1514.47
658.69
554.86
697.00
1476.34
1223.92
956.58
1615.52
974.18
933.29
728.26
793.18
840.16
1437.47
1475.05
1231.72
874.61
488.64
423.91
1097.05
914.96
597.16
618.55
820.90
1900.68
1518.78
1533.11
979.53
1433.98
1891.02
1046.58
913.90
1210.86
1590.54
1545.55
1342.62
1460.09
1040.44
1737.91
1643.17
1546.45
1165.41
1688.93
1507.23
1049.81
1266.18
1855.55
1670.95
1670.27
1270.54
1318.69
1797.30
998.04
1614.71
585.00
1551.41
970.76
1551.50
987.52
1770.92
1024.16
1675.13
1591.59
1473.33
1081.09
1424.29
659.94
1619.96
1633.89
1693.38
1785.58
1748.04
1597.26
1691.32
1288.67
1205.35
1736.40
1519.16
1802.12
1042.69
1479.88
860.68
1464.46
1167.95
1494.70
1661.60
1754.90
1233.13
1585.84
1684.78
1628.38
1273.80
1364.99
1850.51
1610.32
1708.32
1537.80
1136.57
949.65
888.24
1758.20
1370.68
1588.42
828.64
1888.93
1147.10
1469.13
1890.67
1617.74
1737.14
1814.49
1088.85
1638.39
1151.78
1787.95
1801.77
1893.31
1871.73
951.15
1445.86
947.40
1832.69
1662.26
1662.19
1310.27
925.65
1253.85
793.93
1293.71
737.32
875.01
1355.64
1347.67
1494.48
972.19
1205.63
1095.56
1108.85
1144.82
872.64
967.12
531.94
1032.29
931.12
1427.52
783.99
707.88
1398.20
1466.55
1022.04
1194.81
1545.08
1030.32
917.76
474.73
554.21
569.79
1683.63
1300.59
728.09
667.33
554.25
906.09
1002.05
600.36
816.17
1267.47
1297.47
899.79
1008.04
1331.76
541.74
888.30
1081.51
1603.83
1006.70
574.78
1074.81
551.16
613.38
1283.39
1389.66
501.15
578.30
643.61
1035.71
1696.11
1353.01
507.74
1576.59
1396.93
792.54
610.10
1047.38
948.64
1005.66
1396.08
1291.64
1330.17
1023.93
1313.04
522.07
671.93
1203.25
689.37
938.43
1242.61
440.25
1228.52
732.72
1676.58
414.74
839.11
1308.01
589.19
918.77
641.00
1285.15
1651.86
1060.04
1363.58
809.12
1058.26
1579.92
957.15
593.58
851.55
1144.83
810.62
514.45
858.30
847.71
525.69
1210.97
590.65
1052.20
654.49
944.02
688.20
479.24
1233.82
488.97
1362.46
453.12
999.40
501.57
707.02
827.94
663.09
729.72
1223.86
782.14
426.77
1341.85
429.37
667.50
1010.24
996.83
588.49
1475.30
837.27
846.54
664.52
950.39
956.70
820.36
536.12
637.82
462.47
1087.84
481.67
911.27
1156.15
567.84
268.33
253.38
312.68
695.66
1103.32
579.78
840.89
739.48
421.19
725.56
859.96
802.69
782.95
719.79
1257.91
486.69
916.16
1054.07
1127.44
262.51
676.75
909.48
1114.15
988.07
699.87
873.34
1012.30
1149.70
943.78
387.68
549.24
651.12
250.56
293.85
821.20
599.97
1235.86
829.50
635.84
1210.64
470.86
466.22
435.82
735.41
378.31
269.25
999.35
822.24
845.56
759.57
905.93
811.94
529.96
213.91
943.93
209.03
852.18
499.79
815.91
476.29
776.21
621.26
536.41
397.23
235.44
753.58
695.62
1214.46
787.18
436.42
1018.28
790.18
1187.69
395.24
601.33
405.75
500.45
748.35
945.62
330.25
554.22
890.28
769.25
565.68
273.06
757.32
1131.96
288.20
1075.07
492.92
815.27
951.53
766.82
226.76
434.90
379.06
1138.76
1119.09
377.23
833.66
1328.68
972.83
1169.11
1303.61
1100.98
430.18
600.89
631.11
978.14
1230.64
710.11
1309.82
845.65
578.50
1275.01
606.37
611.27
484.41
828.51
1241.85
537.86
531.31
771.36
1412.10
1080.43
618.52
1331.22
601.43
1172.79
550.88
554.98
970.48
508.60
476.07
678.15
1344.80
1232.52
910.96
951.98
1151.20
1394.98
857.72
1035.90
1442.55
662.62
1282.78
1323.62
1124.99
754.48
1182.02
1315.86
641.76
1448.87
1277.55
462.80
1255.03
739.22
517.93
684.70
1352.87
779.24
1048.59
1030.34
1383.42
1258.08
726.96
926.08
1237.04
1282.50
583.14
1409.88
410.88
1258.10
419.81
776.97
1229.08
1248.89
601.93
1397.34
850.36
768.16
621.37
648.32
1330.30
790.36
550.61
1373.84
1292.53
689.09
1417.16
464.54
978.88
633.48
905.28
942.31
1016.30
555.06
1139.24
1346.95
633.16
1699.44
1782.69
1876.10
1719.76
1783.11
1930.26
1821.72
1869.79
1784.32
1820.84
1911.60
1873.90
1769.86
1845.83
1843.80
1880.11
1795.20
1824.63
1818.78
1860.52
1807.84
1771.18
1738.78
1795.61
1813.24
1808.73
1765.98
1869.31
1703.91
1853.61
1823.32
1780.16
1867.84
1860.73
1818.43
1795.08
1732.70
1904.47
1901.48
1712.86
1767.12
1909.39
1854.74
1750.26
1771.09
1901.22
1748.92
1792.40
1951.08
1912.49
1754.38
1867.44
1759.08
1801.02
1931.59
1811.18
1817.46
1788.47
1799.86
1742.65
1802.06
1755.32
1763.87
1833.76
1803.35
1857.25
1873.26
1774.72
1941.59
1738.69
1942.89
1777.58
1784.81
1840.38
1822.50
1890.56
1755.44
1828.01
1874.28
1790.93
1855.79
1674.49
1777.30
1892.57
1706.00
1707.73
1889.82
1700.39
1783.41
1828.55
1749.42
1843.12
1923.19
1781.15
1856.10
1793.42
1913.16
1765.28
1737.89
1835.54
1273.36
1170.94
895.81
1762.87
1409.72
767.53
1221.51
1336.69
560.71
1166.38
1951.48
1489.61
1744.25
1767.04
1450.46
1892.20
1631.83
1686.02
1666.80
1417.11
1297.73
1919.41
1678.89
1753.33
1489.21
1342.00
1469.77
727.29
1785.61
1482.94
1631.17
1394.13
1702.51
1050.03
1524.59
1902.27
555.05
1744.47
1533.05
353.54
1893.59
1811.90
1105.88
581.54
1286.81
1659.55
1779.65
704.46
1577.29
1323.72
1414.72
1314.60
1168.49
1911.43
1483.60
917.22
1431.49
1788.29
1282.89
1787.34
1317.46
963.88
573.90
120.41
1317.16
1241.97
1225.82
1877.88
1273.84
749.33
1509.20
1299.30
1359.59
436.28
1380.19
1553.87
1487.27
1604.57
623.11
1479.53
1057.28
908.00
1346.77
1716.58
515.46
1665.86
1312.36
1685.38
899.99
1660.75
1952.74
853.38
1303.81
1320.65
1427.36
1559.95
1754.47
1251.85
942.77
1096.54
1464.60
1726.13
1577.43
1683.79
1770.31
1778.48
1726.86
1735.95
1289.03
1658.87
1342.55
1142.15
1004.83
1406.68
1371.74
1249.36
1521.10
1375.84
1353.88
1641.36
924.75
1495.26
1710.65
1140.22
1183.52
1896.35
998.71
1628.48
1517.39
1765.01
399.30
1357.45
1316.78
1053.75
577.93
1322.91
1089.10
1158.45
1681.81
1209.28
737.43
1345.59
771.16
1761.69
1003.91
1888.49
1849.00
1056.56
846.66
1638.09
1580.27
1491.77
1825.79
1904.27
1474.09
606.57
1516.66
681.93
1230.99
1742.80
1722.15
749.53
578.16
1278.88
1545.29
1079.42
670.65
1592.71
1498.34
1846.60
1674.10
1779.06
922.98
1808.63
1290.72
1329.93
1660.08
1857.08
1477.65
1676.30
906.04
1753.95
1805.99
1522.65
1532.49
1409.60
491.85
936.34
720.53
1436.95
1854.06
1731.89
1383.88
1313.76
1022.80
1459.89
1723.33
1744.50
1279.65
1640.00
1446.06
1319.44
1777.00
1479.86
954.10
1616.07
1337.77
1490.45
1474.94
1856.61
1471.54
1521.38
1667.50
1429.01
1575.41
1948.87
1755.62
1927.82
1530.67
1004.90
966.84
1964.22
1843.02
1894.33
1299.71
1537.74
907.54
478.35
1426.92
1599.22
1179.34
1033.72
1212.29
1820.14
1779.91
1553.30
1700.16
1893.72
1889.18
1707.41
1502.04
1519.15
1714.60
1447.44
1899.61
1541.81
1259.59
1800.03
1668.58
1758.68
569.31
692.94
1856.76
1508.71
1644.75
1909.25
1486.83
1783.45
1483.23
1907.45
1128.67
1705.39
673.55
1567.22
1576.10
1595.71
1251.54
1459.46
901.35
1749.28
1562.71
796.11
1412.85
1735.59
697.71
1240.04
1618.68
1845.73
1785.11
1352.67
879.26
965.94
870.23
1393.98
1301.01
736.52
1710.86
993.03
1112.53
1695.96
1368.83
860.79
1705.42
1275.34
1078.49
1475.34
532.53
1290.17
1140.84
1685.63
647.14
1260.52
870.34
1798.72
1358.95
1412.94
1602.70
1616.52
788.49
1781.33
1666.42
962.92
1037.53
1566.32
1515.13
1175.68
1640.63
1694.26
1608.29
1556.40
1323.94
1683.60
705.26
1393.34
1262.25
1558.93
1170.57
1511.76
1715.36
943.27
1367.29
1114.89
1672.05
1571.48
1338.21
563.70
1166.56
1842.67
1601.67
843.80
1771.73
1322.20
1225.57
1625.28
1415.37
1324.69
464.50
970.55
1709.36
1652.44
966.08
963.34
1803.13
1101.73
1386.33
1661.85
1641.87
1345.38
795.78
1722.40
1616.42
1717.61
1726.50
1330.71
1451.89
1631.05
1742.86
678.23
1631.92
1576.43
1493.05
1413.61
1755.91
744.88
1577.93
1365.29
1744.44
1859.23
1599.76
1581.23
1449.64
1853.82
1593.39
980.92
950.15
1221.16
1193.84
1455.26
1681.92
1868.41
1472.95
1054.47
1146.56
1062.52
1399.86
1269.27
1727.78
1740.56
1682.89
1218.70
1655.63
1604.97
194.71
1911.52
1301.11
1639.22
1589.56
1736.42
1805.20
838.24
501.34
1140.80
634.77
1749.19
1658.09
1808.91
420.66
1359.94
1628.55
1510.10
1532.19
1436.76
1175.93
1744.50
957.99
1627.07
1562.86
1450.11
1799.62
1619.33
632.56
1590.63
529.42
1586.89
1690.73
1706.80
753.83
1460.85
1186.34
863.42
1653.48
815.28
1541.66
1602.15
1578.59
1844.13
1709.63
1401.26
1105.78
1118.13
1688.80
1159.31
1520.72
1404.82
731.59
1131.93
1257.80
961.48
1775.38
1174.57
1889.93
431.94
1697.42
1360.66
1728.47
1649.32
320.33
794.56
1740.51
485.26
1005.43
1461.17
1435.27
1665.37
1346.78
1713.72
1299.85
1672.05
792.06
1545.19
1363.02
1091.11
1447.54
1509.58
1553.26
423.65
1002.57
682.26
1346.72
1404.91
972.96
1166.45
806.96
1097.79
1154.20
1426.90
1838.25
1857.88
1851.39
1333.41
1875.14
1765.19
980.13
1234.21
769.32
1000.94
1487.79
1210.92
1695.02
1698.88
1492.62
768.75
1552.10
1139.45
1541.64
1695.99
1842.66
1189.86
1651.32
755.28
1589.06
1229.79
1021.37
1583.26
1361.51
1561.97
1774.82
847.62
1231.21
1524.28
644.76
1491.21
1287.21
793.33
1700.24
1429.62
1930.41
1165.94
451.52
971.73
1417.71
1836.36
1681.82
1714.71
1381.97
1439.05
1518.85
1512.35
1341.52
1361.65
1792.96
1300.30
1561.99
1341.58
1613.61
1720.01
1748.74
1710.29
1231.54
980.00
977.66
1306.17
1434.16
866.39
1732.95
1468.02
763.47
1531.96
1755.36
1292.15
1049.24
1021.66
1302.20
1181.62
771.47
1333.41
904.43
1356.92
1270.76
1212.94
1570.67
943.81
1288.92
1157.75
1109.99
1349.13
1684.63
701.00
1661.39
1164.27
475.16
1330.73
923.75
1378.70
1045.74
1578.05
1263.24
1369.62
1238.27
1644.78
966.49
1481.61
1180.67
1573.97
1838.74
1939.68
1650.08
1032.04
482.52
1697.24
1454.82
1402.07
1281.69
1550.84
1814.14
1520.70
1347.64
1332.69
1031.42
1939.51
1746.43
1838.53
1241.07
1360.99
1498.02
1522.02
1418.90
702.10
1718.30
1345.67
1755.15
1318.39
874.50
1761.89
1715.66
1309.07
1828.02
1428.58
1457.16
664.75
1396.12
1972.17
1410.21
1555.22
1883.63
1630.14
1453.55
1780.45
1460.72
1497.20
1370.78
1471.21
1527.16
1912.43
842.75
670.66
1698.81
1315.35
1244.99
377.72
1315.61
705.02
898.59
1792.82
930.15
1491.69
1616.51
1680.20
1282.75
1755.41
1302.30
973.63
1529.69
1743.45
1383.45
1613.69
1556.44
1351.21
818.24
1575.92
1534.03
1220.36
1381.23
1633.87
1440.48
1191.09
1613.27
1454.11
1489.42
1713.06
1077.39
1767.30
1445.53
1771.70
936.12
1860.01
1554.43
1874.08
1257.24
1073.66
1803.48
1708.66
1351.04
907.99
1333.26
1845.24
1437.80
1542.99
1399.19
336.19
1549.58
1002.51
1287.50
1260.81
1944.72
1261.91
1331.75
1623.62
1020.79
572.39
1363.25
1350.75
1342.16
1438.27
997.63
1001.29
1441.47
1463.46
1530.35
1339.76
1834.43
1467.97
1235.50
940.35
1531.05
1688.45
1580.06
1338.97
1419.44
681.18
1437.80
931.38
716.38
1285.95
1566.26
1492.70
1807.84
1265.20
1620.00
932.15
1509.75
1780.15
1085.44
1849.90
1255.48
1755.00
563.62
498.36
1516.02
1025.41
1680.52
1122.33
1777.35
1600.81
1372.12
1645.03
1186.64
845.34
1711.84
1655.28
509.74
1220.69
678.34
1038.94
829.33
1392.11
1451.08
1365.01
1701.69
605.26
798.08
528.33
1255.23
1044.32
1415.34
904.75
1961.77
1496.90
255.53
1426.73
1217.42
551.07
1160.36
1371.31
860.29
1771.89
1728.04
1682.91
843.06
344.20
1326.18
1071.71
1517.13
1429.33
1147.93
1586.60
362.70
543.82
1653.43
1676.16
746.65
786.94
1095.98
1386.22
1427.18
1361.03
1725.88
320.99
1264.50
751.57
1501.02
1547.88
1711.05
1556.10
1502.90
1773.67
1386.14
1807.31
1244.48
1534.75
849.23
1450.96
1254.79
696.75
1406.87
1468.00
1547.43
1707.34
1428.90
1606.92
1390.69
1011.42
1322.92
1163.53
826.90
1650.02
1535.75
1446.21
1306.34
1908.48
1721.69
1645.83
368.22
1165.92
1183.05
1897.22
1469.40
992.27
1434.11
931.62
1812.36
1636.33
1925.79
1594.56
1373.66
893.44
1874.30
1671.23
394.41
1297.18
848.11
1310.50
1586.36
1307.12
1414.22
1679.68
1355.98
1807.89
1366.35
1052.98
1403.11
1591.51
789.34
1368.37
1491.77
973.29
479.07
754.78
1249.73
1186.75
1568.31
970.28
1632.08
1634.61
643.90
1481.53
1396.95
1397.07
1261.98
1284.58
1655.06
1490.01
1787.20
1927.42
1741.28
1525.86
1312.33
1098.03
1334.64
1321.99
1623.63
1647.47
521.49
1750.52
1830.93
1705.58
1649.26
1280.05
1293.44
1096.43
1160.22
1689.39
631.15
282.66
976.91
502.48
1240.12
973.29
886.63
610.31
827.16
1550.92
1363.78
551.57
1111.00
1631.80
803.65
1774.30
1781.14
1420.67
1600.48
360.78
1372.64
1443.54
892.36
1229.41
1317.97
1167.30
1766.41
1357.66
1413.97
627.51
1918.58
1210.21
1880.70
1020.86
1356.44
1262.23
1565.84
623.59
1240.54
396.82
1356.62
1711.87
1803.35
524.11
1687.00
630.32
1030.12
1012.76
1191.00
1619.12
1290.21
1447.47
1513.55
881.73
604.18
1123.42
1808.58
1730.04
1054.89
1873.92
1787.89
1591.66
961.40
1401.05
1518.51
709.47
1574.32
1188.58
1579.15
1256.35
1406.98
1610.94
1433.58
1414.25
1631.02
1750.79
1548.80
1419.69
1171.86
1468.50
1740.77
1001.80
1639.44
1061.49
810.08
1651.20
1520.82
1788.87
990.88
991.36
1103.31
1083.23
1702.15
1240.27
1844.71
484.91
1297.45
1487.24
1274.06
1422.98
1706.65
1798.04
1443.81
1199.41
1269.13
1740.21
1761.54
409.46
1847.07
738.30
882.16
1692.02
891.87
1431.22
478.83
1747.11
1482.76
1786.64
1865.21
1278.99
1570.62
1468.92
1864.64
1590.93
1290.26
798.53
797.62
1541.83
772.76
1663.60
1395.36
1311.90
1928.62
1552.47
1613.79
1541.99
1057.84
1684.94
1598.62
1778.67
497.28
898.99
879.33
1504.55
1712.40
1723.94
1411.14
1797.85
1575.49
1446.75
1511.89
1646.89
1489.27
1753.56
875.76
1302.10
894.23
1721.10
1576.33
1662.31
554.70
1305.81
754.14
1173.81
1212.17
1175.15
449.60
1362.41
1313.78
1472.31
1158.07
691.72
1115.62
1596.72
499.16
673.32
1576.23
1692.58
1158.00
1756.38
1510.17
1671.33
1517.29
1551.03
1572.94
1322.11
1702.07
1533.18
1207.92
668.41
965.38
1067.02
1484.35
492.18
1516.06
1776.19
1711.73
1293.25
1419.32
847.74
1673.46
1945.45
1313.53
1166.53
1737.79
1135.06
1197.62
1362.88
1644.31
876.82
1094.63
1758.76
1708.16
1835.96
1329.89
1448.64
1631.95
1608.02
1792.92
1672.46
1563.44
1654.81
1348.71
1723.10
1343.86
1478.88
1335.86
1400.30
1436.33
1453.89
871.66
553.54
1559.79
1532.54
1154.05
1084.20
1001.26
1480.72
1204.14
486.23
657.91
1523.84
1706.99
1428.07
1280.12
1853.96
1869.59
1798.72
1241.01
1534.06
970.74
1266.17
979.15
1682.40
561.51
1558.65
1025.17
1657.33
1800.07
1309.94
1550.68
1062.73
1455.57
1681.54
464.38
1260.81
1265.70
1453.57
1396.31
1510.37
732.25
1318.07
1498.70
223.26
727.61
1814.77
1543.55
869.40
1052.51
1687.61
611.41
602.60
1668.56
1656.25
1613.16
1812.91
1802.13
1272.06
1478.46
1107.81
1667.93
1695.14
1527.48
1522.67
1866.48
513.52
1673.68
1239.42
1459.80
1475.13
833.48
1237.87
1493.31
1340.29
779.58
1379.99
1838.22
1540.05
807.40
1447.82
1348.62
1580.63
1855.03
1760.42
528.14
222.59
811.99
1651.74
1699.14
1801.79
1541.00
1465.48
1709.15
1622.57
1687.96
546.61
1714.96
1780.25
1351.58
1667.50
1829.57
1246.97
1773.49
1354.94
1067.48
1317.99
906.48
1599.52
1511.66
1654.52
1038.32
1491.87
217.67
1759.24
1385.63
1316.18
485.04
815.89
1782.03
1583.95
1669.00
880.29
1751.42
1330.29
764.15
1775.46
1234.39
889.10
681.97
1174.59
1818.70
1909.66
1252.74
542.48
1070.44
1052.15
965.36
1610.34
1193.93
1379.90
1320.57
1422.68
1253.31
1698.85
785.05
1304.09
1747.46
1578.53
344.82
1820.79
1359.44
1934.17
1745.62
854.88
1049.62
531.82
1656.90
1646.99
674.12
1028.94
1722.42
524.58
1044.59
799.45
1585.11
1499.94
1936.22
946.44
1016.65
1151.43
1437.10
1750.96
628.02
1755.86
1335.11
1289.30
669.76
1603.28
1490.14
1785.26
1703.27
661.51
1486.82
1164.96
1778.93
1319.96
1523.28
1546.32
644.30
1120.95
905.16
855.26
1350.10
1443.10
1643.43
1362.78
1424.37
1393.05
1241.03
1322.41
1430.67
1805.98
973.86
1751.50
1531.72
1651.29
1380.99
951.74
1416.12
1829.06
1672.53
820.69
1493.90
1422.10
1800.62
1539.41
1568.09
1693.88
1335.82
1511.82
1435.52
1762.64
1027.84
1443.91
852.15
1668.19
1738.85
426.96
1541.16
1767.89
1790.85
1331.95
1228.84
694.29
1132.52
1783.69
995.14
1660.45
1157.32
721.59
1359.56
1512.94
1288.89
1771.10
1239.51
339.14
803.27
1640.21
1853.73
1614.72
1552.33
1929.13
1280.96
1529.78
1715.92
1656.01
1291.76
1360.50
1421.35
1482.95
949.72
1551.74
1423.33
1120.48
863.12
576.50
1738.83
1183.30
1501.88
831.87
1066.74
1373.84
1636.99
958.52
1321.68
1653.51
681.75
1772.40
1002.28
707.93
1619.88
1028.87
1629.43
1793.90
1071.00
1696.28
1820.56
1783.92
634.37
364.80
857.48
1497.07
1695.02
533.09
1725.95
1713.48
1191.78
1577.68
787.82
629.84
1632.48
742.75
105.04
1247.84
1735.45
1568.71
1542.22
1792.79
1619.41
1847.70
1569.55
1344.44
1340.35
1554.06
897.30
1359.83
1550.54
1733.26
1161.00
1629.71
1153.38
1562.81
1528.89
1401.02
1368.39
1119.31
1767.24
1031.80
1665.84
1925.74
650.34
1796.11
97.77
1833.28
1251.48
1638.06
1669.09
1016.68
1783.84
1888.50
1522.87
1400.67
539.68
1470.31
1624.65
1506.08
1250.57
1699.17
1019.84
1738.04
1616.94
1293.61
216.38
1784.99
375.96
295.37
1158.40
866.67
1767.43
1688.99
1399.85
1797.15
1595.18
1399.25
1450.12
1041.58
755.24
1757.57
1159.64
1532.56
1263.20
1450.16
1675.11
1584.98
1452.95
578.54
1423.22
1385.71
1785.80
932.50
555.44
1176.84
1012.48
1276.48
1019.83
1666.31
1509.52
1685.17
828.28
1751.78
652.38
1888.23
1830.25
1517.00
1157.51
1445.52
820.81
1822.08
1305.95
885.17
1590.85
935.09
800.77
508.40
934.71
467.41
1814.14
1771.92
1557.49
1349.56
1163.33
519.74
1548.85
1758.79
1109.15
387.52
1553.78
1501.74
472.36
1371.65
716.05
906.58
1192.57
1868.96
911.72
448.09
1230.47
1834.54
1418.34
1806.00
1778.16
1231.40
1576.97
1776.10
1270.49
767.80
1014.26
1649.64
1303.50
1541.70
927.20
1503.61
1834.03
1623.47
1029.23
1737.76
1823.26
1349.39
1670.50
1395.46
879.50
1763.53
1297.60
1217.19
1432.09
1718.07
1424.96
468.01
1377.47
813.07
954.70
147.75
1578.13
1724.93
1643.59
1196.08
1326.87
1714.53
1796.12
1595.19
1031.40
1380.41
592.38
1690.84
1739.35
1097.92
1705.37
1216.68
1657.51
1753.23
1576.36
615.56
843.96
1409.67
1725.98
1485.53
1127.65
1404.63
1267.90
1104.60
1772.98
1530.40
1813.04
1547.14
940.27
1731.73
1422.14
1609.09
891.45
1443.17
907.46
890.64
1335.16
1578.88
1499.15
1492.75
1778.85
1210.50
673.29
928.48
1729.24
1643.30
1676.66
1315.23
1103.00
1267.25
586.92
1846.24
1064.73
1884.19
926.75
1553.54
500.79
1415.60
1135.42
878.98
352.05
1617.34
1716.49
585.26
1118.43
1914.97
1755.92
1164.81
1762.18
1489.35
1445.65
1610.15
1463.35
1961.54
997.54
637.10
1871.60
1509.57
1592.22
1751.03
1990.29
1435.34
1526.95
1553.09
1347.69
1202.84
1284.72
1204.13
1559.71
1391.86
1849.72
1474.41
1455.25
1638.95
1574.35
1220.65
1780.58
990.04
1351.86
1341.79
1547.90
1955.01
495.96
1082.57
1325.83
1878.38
1752.34
1099.97
1867.98
1618.97
1605.41
1710.26
799.36
806.66
1694.27
304.69
1775.39
1790.33
1827.95
1645.68
1439.14
1501.74
1405.27
1691.86
161.16
1608.58
1157.70
1204.66
1740.25
1289.75
1185.01
1531.54
1595.42
1562.41
1373.42
1535.47
1273.03
1761.81
849.24
1332.48
1141.61
1090.63
650.22
564.10
790.16
1609.13
467.24
1485.40
766.81
1536.30
1847.87
1781.63
1435.55
1789.87
1416.14
1339.80
1644.24
1768.88
1120.93
420.44
1145.79
1647.69
1543.84
1795.26
1827.63
591.39
447.16
1732.07
1075.07
1681.15
915.80
1730.46
989.93
1646.33
1197.44
1006.18
1291.14
1286.10
1847.09
1191.55
1929.82
1416.42
1459.73
1534.72
1569.61
1785.44
1631.67
1455.24
1186.68
1929.15
1069.28
639.07
1561.51
1279.27
1486.83
788.87
1189.41
1096.10
1589.67
1557.03
1722.23
1283.38
1388.51
1466.80
458.37
1595.74
1464.55
1804.98
1832.37
562.04
498.69
1533.26
1789.80
1087.38
1766.45
785.31
1173.17
1347.35
696.73
1965.50
1310.50
1090.61
1752.44
1827.24
1437.21
986.57
747.47
1405.12
1476.14
1752.99
1427.01
1609.42
1617.31
982.63
1779.11
1563.36
1418.68
1750.61
253.38
1605.96
1309.59
1614.70
485.11
613.42
1888.97
1762.18
1167.93
869.54
1379.73
1735.41
1630.89
1310.17
1579.86
1502.35
1177.80
1563.67
1568.61
1528.36
1004.88
1281.39
862.90
1697.94
1823.47
1526.93
1827.18
1953.07
1790.14
1523.81
1632.41
712.65
909.92
1442.88
695.96
1459.04
1332.39
1892.80
1016.00
1707.88
1466.94
1562.49
1643.58
1434.27
1702.77
423.62
927.34
583.42
1279.19
666.56
1794.22
1732.72
1969.10
1530.35
1199.67
1074.73
376.04
890.36
1669.34
1556.27
1581.71
921.02
833.87
1368.88
1283.53
1542.83
923.73
826.62
1555.03
1408.46
1738.73
845.98
1255.50
481.65
673.52
1664.21
1357.66
1722.40
1379.99
1604.80
1508.90
1744.12
1800.80
1218.84
1834.84
1428.99
1584.27
958.22
1367.26
1600.31
312.81
1823.63
1781.55
1098.57
1399.20
963.13
1626.69
1177.91
1479.54
1414.91
1423.65
608.25
1704.73
1540.30
1556.44
864.11
1014.32
1818.08
637.01
1695.76
1862.40
943.93
1309.04
1821.12
1515.01
829.70
1638.96
1112.28
1183.38
1291.75
1728.35
939.78
1252.07
1845.45
1583.92
1178.55
1559.91
1612.58
1293.34
968.51
1528.76
1066.85
736.68
1113.67
1399.55
339.65
1600.34
326.20
1464.53
1223.35
1680.08
1722.18
1743.82
1424.48
1504.50
362.46
790.81
1486.27
1761.31
1125.15
1536.35
1755.29
1474.78
1334.49
1549.88
1163.27
1490.66
330.08
1977.50
1282.29
916.24
696.97
599.58
1816.83
1273.10
1365.46
1862.10
1788.42
1188.88
1532.40
1490.13
978.13
1799.04
1578.30
1542.58
1587.06
1403.52
1881.55
1435.93
1692.37
941.40
840.84
1580.08
1776.33
1341.12
918.55
1944.50
1335.64
1566.65
1657.68
1583.67
1411.07
1192.27
1502.81
1287.45
1812.70
1244.91
1599.01
1617.85
1576.14
1954.71
1266.68
1334.10
1558.60
1578.66
1331.11
824.61
1058.21
1582.86
1456.97
1752.24
1516.99
1252.91
926.55
1158.96
911.96
1789.69
1463.55
1199.47
1740.62
1340.92
1652.96
1873.32
1756.80
1533.58
1515.81
1551.87
1199.43
403.16
1571.92
1900.68
1715.54
1635.34
1986.50
1623.28
1711.11
1309.44
914.28
1276.77
1637.67
1546.11
1632.54
1209.72
1606.68
1534.98
830.49
1765.21
1386.07
1797.29
1928.04
1206.19
865.65
1483.49
1742.06
1676.13
1627.93
1042.09
1875.53
1756.43
1810.07
1366.36
1641.31
1879.72
316.18
616.25
1334.17
898.56
1409.75
1113.97
1700.26
1026.50
1186.84
1193.84
1183.13
1680.83
1599.57
1281.36
1186.74
1630.92
1650.82
1334.84
869.07
1812.80
1471.75
1400.93
1277.38
1466.36
1700.57
1219.35
1111.83
336.40
932.48
1529.45
768.28
1405.89
1458.24
1493.37
1932.30
1768.43
1720.29
1503.49
1567.28
1405.00
1841.59
1399.72
1632.99
1749.04
1839.54
1272.06
1691.65
1524.98
1534.59
1670.42
1003.17
1165.97
1889.34
1812.37
1294.13
880.39
1559.11
1868.38
1470.84
1581.17
1532.40
1790.66
923.04
1683.18
628.21
1239.38
1579.81
613.30
1437.53
1569.98
1885.17
1758.77
1676.98
1040.20
1040.80
1316.63
1807.12
1790.11
1463.77
1738.15
1293.95
844.15
1558.77
1195.30
1532.97
1100.10
1428.68
1731.97
1800.20
1868.28
1427.44
850.81
1753.13
1085.73
1544.69
1302.12
1621.45
1150.58
974.23
1230.55
1588.75
1323.64
1529.00
955.37
1593.18
1620.76
1651.81
1854.25
1671.30
361.80
1352.65
1098.04
1362.26
1968.84
767.45
1554.02
1796.76
1115.17
1280.99
1762.16
1780.85
1490.77
1554.41
551.37
789.47
1153.04
1470.60
1512.45
1518.10
1637.85
1511.48
1480.45
1586.83
777.88
1546.64
1736.79
1817.43
1854.95
1723.30
1480.83
865.78
963.23
1639.64
803.14
1385.88
1506.83
1570.33
831.58
1625.59
1850.20
854.90
1719.68
864.28
952.28
1706.22
1272.09
1734.38
1778.90
1586.08
910.19
1558.22
890.05
1345.90
1604.82
1128.71
1653.17
1414.34
981.95
804.93
1478.44
994.24
1725.91
1263.53
1238.88
1622.25
1315.27
732.49
1210.24
1471.90
878.33
516.65
679.07
413.69
1317.05
1699.96
575.18
1541.36
1513.26
1602.44
1488.27
1767.26
1812.56
786.90
1373.62
1960.65
1446.79
1614.93
1276.62
1371.36
1639.02
1274.86
1272.63
1045.96
1463.31
1626.70
1404.58
1196.48
1588.36
661.06
1020.46
955.38
1548.40
1030.53
1310.26
881.47
896.97
1356.28
971.53
818.43
385.07
1601.39
889.18
754.97
1831.93
812.38
1867.53
1204.07
1542.66
1721.68
1350.83
791.20
1708.08
1733.01
1677.12
627.50
975.08
1031.65
1544.04
489.73
1404.04
1599.63
1302.34
1864.08
1105.20
1045.12
1623.20
1457.90
1855.43
1856.14
1443.95
1621.39
1675.23
658.71
1512.03
894.43
1645.98
959.16
208.42
765.34
1248.87
1624.69
1734.11
875.47
1386.60
1289.02
742.70
1320.89
1548.21
1427.85
1540.80
1789.19
769.16
1592.48
677.61
1786.69
974.64
1270.20
1017.73
1853.90
1240.61
1262.41
1854.57
1634.41
1260.53
1839.90
1590.26
1466.22
1874.06
1645.34
978.01
1504.04
1404.18
1519.11
1058.19
1637.12
1160.71
1593.65
1645.55
1768.35
1780.29
1987.67
1937.57
619.37
1479.93
1651.86
1486.59
637.74
754.44
1146.60
1906.76
1301.72
1354.91
1720.39
836.57
1573.73
1535.69
1684.84
402.72
884.43
1642.06
1564.15
801.17
1114.42
1784.37
1722.63
1688.60
1696.05
1342.19
459.06
1825.90
1452.11
1167.29
1943.36
1309.33
1712.00
1172.90
1600.15
1679.01
1807.11
1684.90
787.47
1529.39
1282.95
1614.94
1857.29
1410.27
1632.54
1375.52
1672.83
738.90
709.37
1098.38
1340.99
1704.25
1065.59
1796.50
1301.47
1381.48
1392.63
1429.94
1319.48
1135.74
1796.69
1832.87
1196.54
729.12
1058.74
1416.16
1920.92
820.35
1698.79
1297.03
1945.88
1323.59
1848.54
677.27
1405.52
1362.63
1055.72
1397.19
1085.88
935.15
1464.76
1225.84
1658.52
1563.71
1521.25
1618.40
1334.91
1418.74
1279.53
2005.37
1483.49
1464.43
1002.39
1171.84
1727.52
1473.86
1520.80
633.60
1392.03
1741.29
1571.01
1756.77
1922.18
762.55
1403.85
1666.90
1501.55
903.28
1904.58
557.02
1477.05
1619.25
1460.58
1238.18
746.97
1143.91
1669.42
917.78
1501.62
1642.97
1393.27
1634.38
1135.54
1810.01
1514.37
1536.29
1677.53
334.77
1265.25
1100.07
1663.43
1796.14
420.74
1205.21
1309.70
1610.89
1807.24
1261.74
1753.60
1834.30
1058.69
1533.74
1841.45
1508.55
1495.14
1371.88
1116.95
1827.56
1322.12
1278.36
1364.88
1741.52
1428.26
709.72
1399.14
1873.12
887.58
1367.38
1528.91
1372.47
1340.97
778.10
705.96
1682.67
1610.87
1250.46
1229.07
1781.17
1492.38
1767.31
557.96
1412.41
675.21
1120.65
1384.71
762.32
793.89
1454.30
604.18
1745.12
1354.06
1237.77
1790.01
1278.44
1545.39
1438.76
1315.04
1262.23
1302.80
1354.84
1522.51
847.36
641.54
887.70
477.41
1914.58
1717.47
1198.82
1235.97
426.47
1010.66
1326.40
1328.36
1095.52
1936.49
1258.21
1311.30
1444.27
1791.65
1664.22
1566.60
1711.83
1187.17
1678.84
1775.82
1454.81
1537.95
1652.42
701.12
1639.17
1275.97
1015.45
1754.76
1794.43
1742.24
1177.20
1596.47
787.98
786.18
1740.79
1246.23
1636.50
418.15
1323.18
1718.01
935.94
1562.71
1709.08
1775.90
209.37
1283.54
1883.79
1849.95
814.29
1295.65
1507.51
1762.49
1655.64
1878.80
1333.89
1519.36
653.47
1468.45
1142.53
714.37
1420.22
165.32
1726.32
666.36
720.04
1464.89
1263.22
1899.37
1239.95
1828.29
1816.66
860.44
1847.88
1549.49
1825.10
673.09
548.64
1556.39
1658.20
1583.89
473.28
1628.35
1937.47
1136.21
1186.65
628.57
1655.60
1762.52
1637.35
1924.91
1587.45
1491.76
512.99
1140.77
1633.92
1875.92
1650.49
1716.82
664.90
1580.31
1317.39
1848.32
1280.43
1284.58
1570.09
1679.51
728.39
1737.26
1295.55
1434.24
1742.17
1337.89
1225.84
1406.52
1864.93
807.18
856.55
1817.18
1612.58
592.94
1501.85
1498.12
1487.02
1781.67
1757.09
1361.94
842.27
1588.43
1396.43
1568.95
857.03
1338.61
928.42
1350.58
1312.53
1487.50
1858.65
1582.56
984.13
1536.16
1539.71
1139.20
1331.68
1770.03
1681.44
1577.45
1617.07
1569.86
1832.50
1631.39
1809.43
1723.61
1053.99
1347.61
1527.00
1115.21
1689.19
1662.55
1760.28
1431.63
1569.04
1844.46
528.54
1323.94
615.53
1652.95
1557.96
1605.05
1303.83
652.74
1303.63
1376.62
1326.42
1224.28
1735.99
1790.18
1129.10
1811.24
632.52
1453.95
880.30
1482.67
1110.62
960.78
1594.37
1467.81
1140.60
560.36
1434.08
1420.74
1435.85
1691.24
1653.00
1412.10
1659.46
1671.44
1518.44
1436.63
1304.37
1248.21
1416.72
1880.08
833.51
984.16
1763.68
585.08
1779.62
1485.76
1353.86
1314.08
1699.84
1352.35
1753.70
1703.08
1009.09
1693.37
1063.78
705.68
1251.49
838.72
1671.44
1771.96
1508.14
1369.43
1651.71
247.04
1597.25
1138.81
1115.69
1691.93
1094.42
791.97
1700.66
898.34
1270.15
1629.78
646.30
1447.05
582.81
646.15
1290.52
1604.59
1202.63
1546.89
1584.37
1057.32
1817.07
1557.14
1607.74
1643.28
1340.58
1464.79
742.78
1663.35
1794.42
713.58
639.90
927.37
1655.61
1780.42
1080.48
1882.14
1257.07
1193.77
1879.96
1160.99
1817.91
750.71
1399.97
1463.38
864.68
1805.22
1283.05
1214.65
1673.17
1366.18
917.31
1696.50
1904.26
1570.87
1537.64
1143.12
945.66
1216.38
1486.42
1248.74
1845.64
1598.80
1302.39
1233.31
811.39
1692.97
1541.17
1249.51
1405.02
1771.06
1966.28
651.32
1716.11
1542.68
735.50
262.18
1480.21
1346.56
1316.53
1083.77
759.87
1617.28
1685.53
1386.09
1632.17
1562.21
1373.75
963.16
1549.77
955.25
1117.71
1500.42
1086.25
978.28
632.82
988.99
1749.44
1922.28
1688.20
1856.49
1207.93
1584.03
1502.87
1145.41
1302.22
1848.51
1144.64
1680.87
1530.25
1947.58
1487.37
1365.22
1372.03
1871.51
913.09
775.43
1336.87
1514.56
936.27
1001.81
1180.08
1091.85
1680.48
1369.93
1284.44
1709.10
1491.63
1577.42
222.03
294.21
1836.70
1688.70
979.70
1839.17
723.66
1054.69
603.29
1567.76
1201.92
1867.02
764.21
1561.02
1371.52
575.75
1774.10
1158.69
602.35
1283.54
1615.43
1590.61
1251.48
1830.81
1451.50
585.43
1775.34
1922.76
1322.23
1808.11
1260.65
1969.10
1184.72
1798.89
896.09
1372.58
802.02
1174.17
1514.51
1533.07
1204.80
1465.49
615.00
746.58
1448.45
1199.97
1849.82
1838.01
1540.95
713.10
1342.97
1056.19
753.87
1550.99
845.70
1458.30
1319.41
1358.40
1374.94
1723.30
871.57
897.52
1773.18
1310.96
1753.15
899.10
854.10
1846.09
1000.61
1233.55
1690.28
1512.78
1230.32
147.91
1771.01
1186.00
1767.03
1358.63
1444.86
1168.39
1878.63
1686.09
1633.71
1578.91
1768.00
703.15
1820.87
1510.25
1408.38
1712.08
1680.28
1520.17
1328.66
1793.28
1677.55
1047.47
1638.61
1355.75
838.86
717.87
1472.19
1862.24
1040.76
648.96
1545.16
636.47
1582.43
1231.56
1107.25
1379.61
1454.82
1500.53
1015.21
1618.76
1154.81
1109.98
1121.95
1460.89
1342.65
1504.17
1060.25
1153.91
856.14
1825.36
1164.27
1522.61
1165.33
1950.02
1777.53
1167.26
1769.44
1243.17
1664.79
1509.65
1243.78
1402.72
1548.16
1239.30
548.88
1599.87
1348.00
906.90
1894.82
1145.05
1716.12
1054.25
1562.51
1096.04
1859.62
1447.58
1805.42
1651.18
1619.62
1652.97
817.17
1490.28
652.99
1322.37
1064.65
1152.65
1105.24
1851.37
1737.95
1448.29
1170.86
888.34
1530.48
1947.95
1664.37
613.74
1147.55
889.44
1442.66
1396.37
1530.91
1634.67
1467.47
169.08
1404.78
1696.75
1410.65
1521.30
954.58
1783.08
1686.48
1045.45
447.14
1946.88
1030.15
1691.38
1559.10
1336.33
1895.69
1341.65
1630.98
1775.05
372.05
1288.59
188.05
1619.83
768.39
880.45
1722.29
1744.92
748.46
1333.62
1571.09
1879.83
1741.07
224.80
1481.54
1062.18
1792.34
1250.35
1926.55
1753.49
1907.84
1356.58
1717.03
1227.76
1379.48
584.50
1662.28
1393.75
1006.98
1080.02
1635.29
1373.72
1696.68
269.21
1641.13
1556.14
1002.57
1042.51
676.87
1422.29
1107.38
1124.23
1274.66
1065.99
1465.97
1407.95
996.16
1384.71
1517.74
1398.02
1409.65
1364.60
1627.37
1745.83
1088.32
1194.10
892.13
1496.20
789.57
606.98
1247.41
771.24
1790.20
1372.53
885.06
1689.44
1083.92
1885.78
1288.61
1055.39
1335.94
705.02
1217.11
1207.38
1279.05
1720.08
766.25
1283.69
1401.21
1687.18
546.31
1369.41
1369.36
880.49
1749.06
1780.41
1076.10
1336.70
1200.63
1615.23
1645.79
1302.24
1215.41
680.24
1831.61
1197.44
1764.13
1100.37
851.91
1844.24
1393.35
1464.07
1168.84
1601.98
1473.46
1272.18
1237.36
785.41
1333.31
1317.77
1323.58
1312.93
663.13
1297.17
1067.93
1271.00
1393.52
1558.49
1760.92
1561.92
1215.05
1822.34
928.59
1551.76
1120.29
1739.04
1149.61
1256.49
1474.97
1574.26
1556.15
782.32
1100.11
1843.43
1766.06
1651.97
1318.28
1779.45
1679.57
1768.34
1523.01
1439.40
1443.30
1746.26
1523.93
1200.75
1372.12
1388.01
1183.12
622.17
994.43
1717.75
1205.02
1548.34
1806.23
1734.69
1446.29
775.52
1491.35
1774.20
342.10
1371.51
1349.26
1517.47
1505.31
1067.78
1271.01
718.96
491.27
1308.67
1714.05
1807.38
1739.75
1729.36
1350.36
1624.97
1688.20
1815.28
801.88
1685.36
488.94
777.22
1033.69
1318.26
931.84
1527.67
1144.96
1516.29
1638.51
1727.30
1283.71
1411.02
1644.60
1192.20
1651.74
1775.04
1666.35
866.31
1204.18
1632.96
1238.07
1257.02
765.85
820.88
1468.28
1713.27
898.71
745.06
1164.38
1659.38
1342.13
1348.01
892.75
1766.58
1553.01
1551.07
1596.31
1342.04
1257.83
568.04
1290.75
817.99
839.98
1680.13
1852.53
1240.17
1853.59
908.36
1288.66
934.10
874.19
1071.09
1239.57
1367.33
1377.61
833.44
1476.15
1764.57
1300.44
1269.74
1670.42
1649.91
1817.75
1253.50
1046.55
1467.60
1657.99
1197.66
1280.65
1577.45
1135.90
373.31
1724.09
1554.13
742.48
1107.49
1235.48
892.08
1544.75
1448.03
1212.07
1196.77
1626.31
1510.41
1631.64
1773.74
1367.43
1410.81
1611.46
1708.18
1660.14
1758.19
1765.64
1616.52
1674.60
1101.33
1380.02
1199.56
1200.75
1682.47
1259.88
1174.50
1616.25
615.21
1700.66
1150.61
962.80
1023.90
1826.55
1579.84
1399.80
1558.88
1323.38
1490.84
810.75
1308.92
941.51
1426.02
1604.12
992.01
1232.41
1342.51
911.31
1242.72
847.86
1469.62
1701.48
978.86
1051.85
614.42
1515.56
541.00
1049.25
791.93
1417.78
1541.77
1808.27
1903.97
1301.30
1903.97
765.43
888.00
1775.38
1576.58
1326.78
1280.59
1506.34
1213.63
1838.72
1562.36
904.97
1795.38
1925.04
1806.70
1509.31
1417.20
698.64
1563.87
1245.68
1489.19
1401.75
889.67
422.64
1866.58
1384.82
743.12
1405.26
1555.42
1181.79
1549.27
1778.39
935.01
792.24
1335.82
1655.67
676.66
625.09
510.33
1699.90
1626.97
1368.92
1829.05
1266.02
1817.53
1566.08
1347.37
1563.94
1841.96
1632.07
1320.45
1497.88
861.03
638.70
1528.22
1434.15
1590.86
1572.90
983.73
1700.80
1727.88
1660.26
1813.47
1598.68
1618.64
1353.58
1985.87
1739.38
1164.88
695.35
728.05
1707.60
903.01
1576.18
1609.89
1372.59
1022.95
1318.78
1325.94
1476.19
679.29
1268.69
1729.68
741.86
1709.80
1097.35
1598.64
1453.31
1151.80
850.40
1548.70
1390.13
1447.84
1394.39
1184.33
1673.41
1323.68
1458.85
1354.03
1794.00
883.61
1732.12
1611.09
1564.73
516.27
545.16
1776.29
946.97
713.22
1485.79
962.70
1534.19
1695.82
1479.84
1659.98
1648.40
1470.62
1830.29
1792.49
1154.70
1492.65
1386.86
1462.38
1132.23
1033.92
1486.01
1327.12
1207.94
1517.50
1604.19
1231.97
1481.90
1700.75
555.68
691.57
1711.36
1385.10
1350.19
1690.87
1484.87
1245.93
981.56
1635.77
1304.36
929.87
1841.14
1449.28
1803.92
1468.65
1637.31
965.39
1426.09
1576.52
1644.64
1946.86
891.30
509.21
1263.97
1412.18
863.59
656.95
1794.95
1123.68
1788.97
1157.18
1620.66
1776.75
1629.81
896.63
1407.05
1683.87
1187.49
721.75
499.50
1248.77
1725.51
1619.45
705.99
1380.91
1429.52
1637.34
1372.84
1814.26
1861.72
1786.94
1422.24
1857.43
893.09
1064.20
416.08
1569.70
1425.28
1317.40
1493.44
1588.00
1868.76
1746.87
1687.17
1381.67
1348.78
1406.57
1654.93
1797.28
1840.57
1264.92
713.97
1647.29
1419.02
1039.97
1391.73
1339.69
1874.83
1019.08
978.45
1253.92
366.35
1336.56
1452.40
1567.11
1319.07
1198.15
1044.04
1246.79
1037.80
502.82
1431.53
751.54
1521.92
929.94
1764.59
968.34
1733.25
1740.37
1759.89
1564.56
1797.11
1155.09
1726.51
403.95
1227.28
1942.29
958.09
1098.57
1341.03
1525.34
399.79
1347.34
1404.58
1218.54
1777.40
1809.10
282.76
1461.42
405.05
1505.05
1285.95
1598.66
1380.84
1691.32
1842.00
433.49
97.87
1315.60
1159.00
1189.69
1295.01
803.63
1637.26
807.34
1712.42
1480.48
701.98
655.44
1185.00
1601.08
1742.52
646.59
1548.50
1479.78
1073.81
570.91
632.31
1417.14
1303.43
1080.04
1292.74
789.08
1595.01
581.67
1171.64
1527.61
1579.90
1860.38
1682.15
1350.89
723.75
1631.57
664.54
1469.03
1036.58
1488.54
1253.65
1240.00
1317.53
1426.90
1458.03
1513.87
1826.21
1721.52
1776.07
797.70
1767.83
1280.87
1470.03
1805.08
1541.00
1568.86
766.44
1087.80
1349.29
1805.29
1389.37
1782.56
1717.37
799.36
1478.14
1600.00
1718.59
964.34
1082.42
717.74
1356.62
1936.89
910.37
1763.38
1477.26
1207.81
623.51
1570.39
749.37
1382.12
479.28
1119.87
1036.33
1173.31
1727.21
1815.93
768.71
1613.24
796.92
605.04
1409.06
1173.78
635.84
1449.38
1738.23
1164.82
1453.43
1130.02
1228.32
1465.26
1409.95
1103.55
1261.68
1281.19
346.64
512.59
1532.83
1198.69
1155.20
1040.06
1395.06
1108.56
835.52
1665.17
805.36
901.52
1361.51
1646.36
1509.17
1014.25
1401.14
1693.85
1716.62
1398.78
1758.60
1380.91
1510.07
1728.46
1034.87
1659.52
1345.67
1711.94
1330.13
1222.45
1637.21
1317.19
1719.36
1853.92
1857.94
1762.21
1654.74
1232.49
1490.28
1581.94
1328.46
1316.67
1007.35
1572.62
1879.04
1712.43
1874.61
1362.82
801.02
1353.64
1621.24
1568.35
1759.77
468.91
1422.52
510.29
1389.42
1819.77
1424.30
1511.83
886.34
825.91
1477.07
1272.72
1223.10
1421.96
1338.77
1806.37
1532.05
566.03
1231.41
1692.22
1242.78
1258.13
1540.54
1523.32
1011.80
641.43
516.30
1701.21
878.96
1587.20
1763.43
1497.27
1404.74
1928.18
776.16
1301.55
1322.24
1179.92
1321.09
628.28
1716.05
1604.42
1388.33
461.27
1107.96
1533.52
1445.76
995.22
1800.32
804.30
683.04
1307.14
1228.43
1788.62
1354.24
1112.14
1819.42
1852.75
1746.68
1305.44
1029.73
544.76
1596.73
1322.23
1620.63
336.08
1673.04
1673.68
1668.04
1446.09
1678.29
942.22
678.38
1682.83
1645.01
1556.25
1344.46
1174.30
1331.70
1106.83
726.14
1758.96
1083.89
1268.17
1302.79
917.65
1034.85
1454.51
1838.55
1211.03
544.06
1305.72
1003.98
1519.84
1477.62
1280.31
1641.75
1353.56
1475.33
1850.54
1492.70
948.58
1448.81
1960.38
1161.50
1480.14
1545.98
1102.67
1253.99
1428.11
1007.05
1465.95
795.13
1303.63
979.84
1221.93
1500.89
666.88
1320.16
1857.13
821.60
1922.55
974.31
1159.79
813.10
1544.31
1768.27
1426.69
1301.94
1247.86
934.92
740.44
1788.31
1125.01
1796.79
1648.32
1643.40
1005.69
1437.35
1356.82
1760.39
1165.52
1310.75
1611.14
727.73
1749.14
1760.21
1747.14
1739.52
1679.46
1060.38
1690.31
267.44
1322.22
1024.70
1294.60
672.26
1920.57
1346.06
1291.48
861.12
1830.98
911.46
153.29
908.18
1037.04
1790.44
1880.27
1757.50
1528.89
1806.46
1186.02
1584.01
938.05
1208.35
1396.99
932.41
730.85
1551.06
1179.96
642.53
1339.64
1648.03
1463.68
1542.69
1742.57
1211.06
1845.88
1598.59
1412.05
1621.58
1345.05
1245.29
670.03
1050.96
439.32
1529.21
1582.06
1632.28
1480.63
1099.20
1294.83
1264.66
556.02
1673.53
1748.18
1511.78
1819.63
1580.43
1299.70
1847.84
733.76
1081.20
791.60
1634.45
1362.45
996.80
1125.80
1703.13
1703.78
1447.02
1288.56
711.15
1804.86
791.36
1344.79
1494.11
1157.31
1392.61
1312.94
1286.33
1113.35
888.41
1850.99
1455.06
763.89
1771.53
1289.00
1651.31
512.84
1732.39
1320.00
443.15
1127.13
1426.29
236.49
1302.44
1240.22
1305.94
1609.08
1369.82
1196.71
1728.69
1972.94
568.60
1489.49
677.91
1521.06
1447.21
1090.69
1871.87
1663.80
1698.21
1376.40
1373.71
1857.02
1134.69
1696.14
1283.71
1319.95
1245.88
1746.12
362.90
910.60
922.34
930.53
1736.69
646.93
1026.42
1840.56
1393.46
1158.25
298.08
1281.84
1088.34
1021.34
1098.23
712.36
1545.91
1522.57
1809.38
1413.06
1637.92
896.88
1602.55
1713.09
1574.26
1560.13
1899.39
1191.98
1428.42
1340.57
1195.98
1889.77
1756.08
1427.36
884.02
1728.74
738.08
1387.18
823.15
1705.58
1307.49
1210.47
1509.95
1544.18
1924.44
1608.84
146.53
1485.57
1652.81
1314.66
1006.42
1402.71
1456.36
1370.99
839.72
1822.43
1572.75
1557.39
1815.50
1829.07
1537.64
1291.31
1554.37
1522.63
1324.98
275.90
1612.50
1712.16
1395.51
1269.72
1655.74
534.33
558.66
576.89
1742.87
1212.27
